[1] Timestep 1
14782.6459283
[1] Timestep 2
14892.9307304
[1] Timestep 3
14920.5523899
[1] Timestep 4
14942.3897884
[1] Timestep 5
14955.2047921
[1] Timestep 6
14879.7202231
[1] Timestep 7
14883.1441469
[1] Timestep 8
14843.5753204
[1] Timestep 9
14847.6527666
[1] Timestep 10
14890.13556
[1] Timestep 11
14928.6523375
[1] Timestep 12
14923.9896163
[1] Timestep 13
14876.4209192
[1] Timestep 14
14870.3370921
[1] Timestep 15
14898.2419772
[1] Timestep 16
14858.0750834
[1] Timestep 17
14893.4263095
[1] Timestep 18
14909.377991
[1] Timestep 19
14899.9173468
[1] Timestep 20
14861.2168772
[1] Timestep 21
14834.2693461
[1] Timestep 22
14846.9119923
[1] Timestep 23
14880.2111628
[1] Timestep 24
14821.4441125
[1] Timestep 25
14861.1453538
[1] Timestep 26
14790.6495236
[1] Timestep 27
14813.2149966
[1] Timestep 28
14923.2880888
[1] Timestep 29
14938.1642904
[1] Timestep 30
14893.3720813
[1] Timestep 31
14881.0111169
[1] Timestep 32
14876.3349313
[1] Timestep 33
14886.8768438
[1] Timestep 34
14887.7367727
[1] Timestep 35
14886.8387
[1] Timestep 36
14915.1443574
[1] Timestep 37
14890.394977
[1] Timestep 38
14927.0384741
[1] Timestep 39
14888.5801883
[1] Timestep 40
14884.4863684
[1] Timestep 41
14893.1325245
[1] Timestep 42
14854.4677686
[1] Timestep 43
14837.0728999
[1] Timestep 44
14863.6232446
[1] Timestep 45
14881.0995076
[1] Timestep 46
14850.6915935
[1] Timestep 47
14856.9164752
[1] Timestep 48
14889.4944572
[1] Timestep 49
14890.4371766
[1] Timestep 50
14914.2966778
[1] Timestep 51
14909.1716071
[1] Timestep 52
14939.5080294
[1] Timestep 53
14890.645911
[1] Timestep 54
14828.5442954
[1] Timestep 55
14913.1438
[1] Timestep 56
14848.1973629
[1] Timestep 57
14866.4162772
[1] Timestep 58
14893.0439252
[1] Timestep 59
14919.4738788
[1] Timestep 60
14900.4786762
[1] Timestep 61
14899.5392791
[1] Timestep 62
14886.2307954
[1] Timestep 63
14900.1237307
[1] Timestep 64
14919.9753935
[1] Timestep 65
14900.0746606
[1] Timestep 66
14890.325659
[1] Timestep 67
14921.2775101
[1] Timestep 68
14892.7255552
[1] Timestep 69
14882.5393139
[1] Timestep 70
14858.1638503
[1] Timestep 71
14940.4355009
[1] Timestep 72
14915.6464336
[1] Timestep 73
14878.7177805
[1] Timestep 74
14926.2376933
[1] Timestep 75
14886.916543
[1] Timestep 76
14935.6233061
[1] Timestep 77
14906.0947508
[1] Timestep 78
14906.6600681
[1] Timestep 79
14916.5747373
[1] Timestep 80
14821.5616694
[1] Timestep 81
14931.3732096
[1] Timestep 82
14925.380988
[1] Timestep 83
14900.6647262
[1] Timestep 84
14890.3868355
[1] Timestep 85
14876.4209192
[1] Timestep 86
14852.9238324
[1] Timestep 87
14892.0490725
[1] Timestep 88
14930.3207264
[1] Timestep 89
14886.1157594
[1] Timestep 90
14821.9672615
[1] Timestep 91
14880.5810215
[1] Timestep 92
14886.1448076
[1] Timestep 93
14942.1834045
[1] Timestep 94
14923.3438566
[1] Timestep 95
14896.2751193
[1] Timestep 96
14915.4400497
[1] Timestep 97
14875.0711304
[1] Timestep 98
14896.1695339
[1] Timestep 99
14854.7834395
[1] Timestep 100
14894.7718613
[1] Timestep 101
14925.3306373
[1] Timestep 102
14924.7010022
[1] Timestep 103
14870.9783078
[1] Timestep 104
14907.7779008
[1] Timestep 105
14939.8741482
[1] Timestep 106
14931.2390397
[1] Timestep 107
14873.8846497
[1] Timestep 108
14889.7263402
[1] Timestep 109
14918.9251904
[1] Timestep 110
14922.8273648
[1] Timestep 111
14939.6677643
[1] Timestep 112
14919.6216783
[1] Timestep 113
14819.175494
[1] Timestep 114
14902.6812924
[1] Timestep 115
14886.1448076
[1] Timestep 116
14871.5788207
[1] Timestep 117
14938.5209665
[1] Timestep 118
14883.9275683
[1] Timestep 119
14930.584379
[1] Timestep 120
14843.9009561
[2] Timestep 1
14827.5482008
[2] Timestep 2
14890.247385
[2] Timestep 3
14924.4207832
[2] Timestep 4
14907.9259282
[2] Timestep 5
14946.2868524
[2] Timestep 6
14886.1825232
[2] Timestep 7
14880.3801366
[2] Timestep 8
14867.3422825
[2] Timestep 9
14878.3377911
[2] Timestep 10
14886.8846289
[2] Timestep 11
14882.6519395
[2] Timestep 12
14876.1376122
[2] Timestep 13
14908.2219701
[2] Timestep 14
14871.8030369
[2] Timestep 15
14852.1527135
[2] Timestep 16
14876.526901
[2] Timestep 17
14886.581384
[2] Timestep 18
14884.6841638
[2] Timestep 19
14854.0530819
[2] Timestep 20
14861.6191673
[2] Timestep 21
14880.1470575
[2] Timestep 22
14871.4588534
[2] Timestep 23
14880.0703684
[2] Timestep 24
14863.2739587
[2] Timestep 25
14838.2057042
[2] Timestep 26
14834.8432168
[2] Timestep 27
14846.5039867
[2] Timestep 28
14888.4729291
[2] Timestep 29
14890.378033
[2] Timestep 30
14942.4401391
[2] Timestep 31
14901.1550562
[2] Timestep 32
14877.3155291
[2] Timestep 33
14903.7077552
[2] Timestep 34
14844.0792224
[2] Timestep 35
14887.2851873
[2] Timestep 36
14860.9325278
[2] Timestep 37
14916.425302
[2] Timestep 38
14867.7332377
[2] Timestep 39
14898.5773985
[2] Timestep 40
14922.8149971
[2] Timestep 41
14879.0446247
[2] Timestep 42
14854.5178464
[2] Timestep 43
14896.6675263
[2] Timestep 44
14866.1305512
[2] Timestep 45
14821.2467934
[2] Timestep 46
14899.9173468
[2] Timestep 47
14892.3473885
[2] Timestep 48
14834.4668843
[2] Timestep 49
14889.8514803
[2] Timestep 50
14887.9873648
[2] Timestep 51
14868.5210687
[2] Timestep 52
14884.5814753
[2] Timestep 53
14884.6836875
[2] Timestep 54
14873.5826263
[2] Timestep 55
14932.7055847
[2] Timestep 56
14940.5563451
[2] Timestep 57
14928.4338458
[2] Timestep 58
14897.4380572
[2] Timestep 59
14886.5766349
[2] Timestep 60
14885.3241752
[2] Timestep 61
14856.7713004
[2] Timestep 62
14857.8777642
[2] Timestep 63
14889.7068416
[2] Timestep 64
14907.1756116
[2] Timestep 65
14928.6903329
[2] Timestep 66
14850.4958362
[2] Timestep 67
14899.4365895
[2] Timestep 68
14900.7387125
[2] Timestep 69
14932.7559355
[2] Timestep 70
14928.0736976
[2] Timestep 71
14924.0053833
[2] Timestep 72
14919.4063755
[2] Timestep 73
14895.4266585
[2] Timestep 74
14932.7055847
[2] Timestep 75
14949.6087026
[2] Timestep 76
14842.1347348
[2] Timestep 77
14918.1550412
[2] Timestep 78
14910.8374073
[2] Timestep 79
14939.4613804
[2] Timestep 80
14805.3305156
[2] Timestep 81
14920.4081884
[2] Timestep 82
14924.9682202
[2] Timestep 83
14880.4259583
[2] Timestep 84
14920.6805282
[2] Timestep 85
14912.7208519
[2] Timestep 86
14898.0029383
[2] Timestep 87
14942.2337552
[2] Timestep 88
14853.3828159
[2] Timestep 89
14858.0750834
[2] Timestep 90
14899.2533482
[2] Timestep 91
14882.3049099
[2] Timestep 92
14832.229432
[2] Timestep 93
14916.0287088
[2] Timestep 94
14937.206667
[2] Timestep 95
14944.4415431
[2] Timestep 96
14848.6290647
[2] Timestep 97
14896.0590713
[2] Timestep 98
14890.439527
[2] Timestep 99
14878.6499864
[2] Timestep 100
14923.1568655
[2] Timestep 101
14878.5310378
[2] Timestep 102
14850.3756093
[2] Timestep 103
14851.4627123
[2] Timestep 104
14934.1043991
[2] Timestep 105
14924.3001297
[2] Timestep 106
14845.4290112
[2] Timestep 107
14917.2221336
[2] Timestep 108
14888.9350168
[2] Timestep 109
14927.75176
[2] Timestep 110
14832.5536116
[2] Timestep 111
14883.9157404
[2] Timestep 112
14947.885423
[2] Timestep 113
14883.3078652
[2] Timestep 114
14906.3586927
[2] Timestep 115
14938.213144
[2] Timestep 116
14869.3552336
[2] Timestep 117
14927.6823019
[2] Timestep 118
14908.5158142
[2] Timestep 119
14892.0671774
[2] Timestep 120
14887.0971155
[3] Timestep 1
14815.7857918
[3] Timestep 2
14876.0673211
[3] Timestep 3
14924.990781
[3] Timestep 4
14937.5018311
[3] Timestep 5
14927.9339014
[3] Timestep 6
14895.7284049
[3] Timestep 7
14905.510077
[3] Timestep 8
14901.4342425
[3] Timestep 9
14864.7051996
[3] Timestep 10
14899.0213832
[3] Timestep 11
14882.7887221
[3] Timestep 12
14909.741773
[3] Timestep 13
14923.5334128
[3] Timestep 14
14913.9735047
[3] Timestep 15
14893.6632225
[3] Timestep 16
14851.4627123
[3] Timestep 17
14853.2025986
[3] Timestep 18
14872.2537786
[3] Timestep 19
14896.1980116
[3] Timestep 20
14839.4598057
[3] Timestep 21
14848.7816928
[3] Timestep 22
14835.0413358
[3] Timestep 23
14828.8276024
[3] Timestep 24
14840.0179067
[3] Timestep 25
14877.000144
[3] Timestep 26
14822.4818848
[3] Timestep 27
14836.289158
[3] Timestep 28
14894.2701808
[3] Timestep 29
14898.4443675
[3] Timestep 30
14910.5068704
[3] Timestep 31
14876.3349313
[3] Timestep 32
14929.6659917
[3] Timestep 33
14890.6141043
[3] Timestep 34
14914.5881083
[3] Timestep 35
14925.1746041
[3] Timestep 36
14874.6346438
[3] Timestep 37
14925.3306373
[3] Timestep 38
14921.76122
[3] Timestep 39
14949.7647358
[3] Timestep 40
14875.6301823
[3] Timestep 41
14908.5282208
[3] Timestep 42
14886.0334763
[3] Timestep 43
14901.5902757
[3] Timestep 44
14923.8640923
[3] Timestep 45
14851.0383315
[3] Timestep 46
14842.4484969
[3] Timestep 47
14885.8355581
[3] Timestep 48
14916.6184668
[3] Timestep 49
14875.5027011
[3] Timestep 50
14878.8513803
[3] Timestep 51
14948.0918069
[3] Timestep 52
14888.2097046
[3] Timestep 53
14834.2693461
[3] Timestep 54
14915.4100011
[3] Timestep 55
14947.234413
[3] Timestep 56
14864.4098666
[3] Timestep 57
14857.883798
[3] Timestep 58
14942.2337552
[3] Timestep 59
14886.1448076
[3] Timestep 60
14898.2546073
[3] Timestep 61
14901.6406264
[3] Timestep 62
14852.8523459
[3] Timestep 63
14864.7150679
[3] Timestep 64
14902.1692859
[3] Timestep 65
14901.1184832
[3] Timestep 66
14914.5006181
[3] Timestep 67
14896.9745263
[3] Timestep 68
14897.1843464
[3] Timestep 69
14915.9190967
[3] Timestep 70
14865.6018339
[3] Timestep 71
14918.2395879
[3] Timestep 72
14935.9690132
[3] Timestep 73
14859.6125385
[3] Timestep 74
14910.2175365
[3] Timestep 75
14886.2307954
[3] Timestep 76
14852.3500327
[3] Timestep 77
14905.3800451
[3] Timestep 78
14875.0711304
[3] Timestep 79
14828.1043843
[3] Timestep 80
14909.7507894
[3] Timestep 81
14928.7184458
[3] Timestep 82
14884.8810067
[3] Timestep 83
14891.5088582
[3] Timestep 84
14949.351968
[3] Timestep 85
14823.0203781
[3] Timestep 86
14890.474597
[3] Timestep 87
14890.4578121
[3] Timestep 88
14892.0671774
[3] Timestep 89
14932.9119687
[3] Timestep 90
14877.4573415
[3] Timestep 91
14864.5431091
[3] Timestep 92
14942.4401391
[3] Timestep 93
14932.2928169
[3] Timestep 94
14906.169201
[3] Timestep 95
14877.9312794
[3] Timestep 96
14853.1211515
[3] Timestep 97
14869.4320675
[3] Timestep 98
14846.2976028
[3] Timestep 99
14914.0291103
[3] Timestep 100
14885.9474885
[3] Timestep 101
14877.2304421
[3] Timestep 102
14938.2012193
[3] Timestep 103
14902.6858567
[3] Timestep 104
14838.9046759
[3] Timestep 105
14938.4076032
[3] Timestep 106
14879.4162414
[3] Timestep 107
14884.559686
[3] Timestep 108
14916.1316582
[3] Timestep 109
14939.4613804
[3] Timestep 110
14895.6671255
[3] Timestep 111
14876.5322505
[3] Timestep 112
14895.1445831
[3] Timestep 113
14913.452819
[3] Timestep 114
14900.3301146
[3] Timestep 115
14901.4342425
[3] Timestep 116
14884.7375085
[3] Timestep 117
14899.322839
[3] Timestep 118
14922.9610373
[3] Timestep 119
14934.6087167
[3] Timestep 120
14949.5583519
[4] Timestep 1
14804.4026344
[4] Timestep 2
14905.6285166
[4] Timestep 3
14939.775914
[4] Timestep 4
14949.7647358
[4] Timestep 5
14935.2212249
[4] Timestep 6
14874.8738113
[4] Timestep 7
14882.2573012
[4] Timestep 8
14894.0592951
[4] Timestep 9
14832.7423899
[4] Timestep 10
14883.7184212
[4] Timestep 11
14891.3464767
[4] Timestep 12
14874.4530792
[4] Timestep 13
14925.5370212
[4] Timestep 14
14869.8640671
[4] Timestep 15
14874.5738168
[4] Timestep 16
14878.8932631
[4] Timestep 17
14893.1695589
[4] Timestep 18
14888.3725665
[4] Timestep 19
14853.9427166
[4] Timestep 20
14834.6639844
[4] Timestep 21
14821.6414316
[4] Timestep 22
14824.719593
[4] Timestep 23
14876.455024
[4] Timestep 24
14833.8849647
[4] Timestep 25
14852.0544469
[4] Timestep 26
14824.5300964
[4] Timestep 27
14803.8693955
[4] Timestep 28
14942.3897884
[4] Timestep 29
14955.2291949
[4] Timestep 30
14907.9328459
[4] Timestep 31
14926.132054
[4] Timestep 32
14893.471513
[4] Timestep 33
14897.6707091
[4] Timestep 34
14923.5756585
[4] Timestep 35
14859.1415652
[4] Timestep 36
14931.2390397
[4] Timestep 37
14889.8322166
[4] Timestep 38
14859.6332242
[4] Timestep 39
14880.7345832
[4] Timestep 40
14888.7282807
[4] Timestep 41
14886.4281146
[4] Timestep 42
14898.5500939
[4] Timestep 43
14867.4870999
[4] Timestep 44
14869.8324517
[4] Timestep 45
14876.3349313
[4] Timestep 46
14901.9142975
[4] Timestep 47
14852.7676577
[4] Timestep 48
14858.0677054
[4] Timestep 49
14888.0907845
[4] Timestep 50
14853.1756624
[4] Timestep 51
14828.4329641
[4] Timestep 52
14942.1834045
[4] Timestep 53
14935.374312
[4] Timestep 54
14873.7004564
[4] Timestep 55
14935.7991706
[4] Timestep 56
14863.1981179
[4] Timestep 57
14833.7428048
[4] Timestep 58
14932.1689915
[4] Timestep 59
14885.3199206
[4] Timestep 60
14862.2237456
[4] Timestep 61
14923.5773695
[4] Timestep 62
14859.2106606
[4] Timestep 63
14855.3891911
[4] Timestep 64
14916.8637861
[4] Timestep 65
14934.1744094
[4] Timestep 66
14934.0624325
[4] Timestep 67
14894.3833517
[4] Timestep 68
14914.879883
[4] Timestep 69
14915.2840165
[4] Timestep 70
14872.149385
[4] Timestep 71
14891.6725392
[4] Timestep 72
14898.1973379
[4] Timestep 73
14921.5636199
[4] Timestep 74
14887.6077759
[4] Timestep 75
14860.1278398
[4] Timestep 76
14879.820591
[4] Timestep 77
14919.7169576
[4] Timestep 78
14897.6226818
[4] Timestep 79
14921.633812
[4] Timestep 80
14890.4943763
[4] Timestep 81
14915.068983
[4] Timestep 82
14818.1051564
[4] Timestep 83
14878.6499864
[4] Timestep 84
14913.9735047
[4] Timestep 85
14948.5045748
[4] Timestep 86
14882.059982
[4] Timestep 87
14929.6956257
[4] Timestep 88
14948.0918069
[4] Timestep 89
14901.5902757
[4] Timestep 90
14892.0671774
[4] Timestep 91
14932.8672093
[4] Timestep 92
14922.6086132
[4] Timestep 93
14853.3184706
[4] Timestep 94
14891.684323
[4] Timestep 95
14877.54885
[4] Timestep 96
14853.8285834
[4] Timestep 97
14870.8820106
[4] Timestep 98
14909.201079
[4] Timestep 99
14948.2981908
[4] Timestep 100
14925.5873719
[4] Timestep 101
14877.2646079
[4] Timestep 102
14939.6530553
[4] Timestep 103
14887.3415978
[4] Timestep 104
14881.8358849
[4] Timestep 105
14884.6836875
[4] Timestep 106
14882.2573012
[4] Timestep 107
14828.6302833
[4] Timestep 108
14916.5520827
[4] Timestep 109
14811.4903667
[4] Timestep 110
14916.4144808
[4] Timestep 111
14845.5403425
[4] Timestep 112
14896.6713758
[4] Timestep 113
14893.3770998
[4] Timestep 114
14899.0166696
[4] Timestep 115
14893.3962796
[4] Timestep 116
14899.5536396
[4] Timestep 117
14852.0413822
[4] Timestep 118
14876.7295696
[4] Timestep 119
14853.8979172
[4] Timestep 120
14858.5733163
[5] Timestep 1
14830.44358
[5] Timestep 2
14900.3650542
[5] Timestep 3
14953.1271408
[5] Timestep 4
14942.5961723
[5] Timestep 5
14895.5125888
[5] Timestep 6
14905.0922725
[5] Timestep 7
14921.4006307
[5] Timestep 8
14845.4290112
[5] Timestep 9
14875.1037835
[5] Timestep 10
14887.9320783
[5] Timestep 11
14882.2573012
[5] Timestep 12
14925.1242534
[5] Timestep 13
14883.5211021
[5] Timestep 14
14899.9464322
[5] Timestep 15
14921.5548361
[5] Timestep 16
14855.7913067
[5] Timestep 17
14896.5456993
[5] Timestep 18
14873.2576125
[5] Timestep 19
14879.4995586
[5] Timestep 20
14827.0831754
[5] Timestep 21
14863.6832296
[5] Timestep 22
14827.4778136
[5] Timestep 23
14860.0390343
[5] Timestep 24
14884.5814753
[5] Timestep 25
14835.985823
[5] Timestep 26
14828.4322879
[5] Timestep 27
14823.9745847
[5] Timestep 28
14914.9270652
[5] Timestep 29
14917.3578688
[5] Timestep 30
14909.1659448
[5] Timestep 31
14910.5919267
[5] Timestep 32
14883.9762635
[5] Timestep 33
14905.987145
[5] Timestep 34
14858.2694015
[5] Timestep 35
14884.0528677
[5] Timestep 36
14875.5801108
[5] Timestep 37
14931.0326558
[5] Timestep 38
14868.8401101
[5] Timestep 39
14872.8049619
[5] Timestep 40
14857.6804451
[5] Timestep 41
14916.848977
[5] Timestep 42
14908.2714862
[5] Timestep 43
14860.9823771
[5] Timestep 44
14864.3258465
[5] Timestep 45
14891.9973562
[5] Timestep 46
14904.2361913
[5] Timestep 47
14861.2508901
[5] Timestep 48
14899.3517416
[5] Timestep 49
14881.0534017
[5] Timestep 50
14901.5902757
[5] Timestep 51
14844.7683643
[5] Timestep 52
14920.8447246
[5] Timestep 53
14890.439527
[5] Timestep 54
14942.4401391
[5] Timestep 55
14918.1468187
[5] Timestep 56
14893.3302422
[5] Timestep 57
14877.4129118
[5] Timestep 58
14901.0061634
[5] Timestep 59
14838.5514908
[5] Timestep 60
14885.8361572
[5] Timestep 61
14891.906072
[5] Timestep 62
14896.6452182
[5] Timestep 63
14889.3937691
[5] Timestep 64
14891.2121627
[5] Timestep 65
14821.6414316
[5] Timestep 66
14878.8473055
[5] Timestep 67
14888.3412925
[5] Timestep 68
14915.6464336
[5] Timestep 69
14883.7184212
[5] Timestep 70
14933.8999266
[5] Timestep 71
14839.0564684
[5] Timestep 72
14918.0640993
[5] Timestep 73
14903.9852103
[5] Timestep 74
14904.3635099
[5] Timestep 75
14932.5495515
[5] Timestep 76
14892.1283965
[5] Timestep 77
14869.2347484
[5] Timestep 78
14808.4538858
[5] Timestep 79
14884.6836875
[5] Timestep 80
14867.6876405
[5] Timestep 81
14931.1737061
[5] Timestep 82
14859.5362034
[5] Timestep 83
14918.0462695
[5] Timestep 84
14824.1021479
[5] Timestep 85
14883.8290143
[5] Timestep 86
14882.2573012
[5] Timestep 87
14931.2480845
[5] Timestep 88
14866.7223742
[5] Timestep 89
14897.4549217
[5] Timestep 90
14814.6549806
[5] Timestep 91
14869.3460797
[5] Timestep 92
14894.8484939
[5] Timestep 93
14891.1803558
[5] Timestep 94
14901.1657606
[5] Timestep 95
14868.49562
[5] Timestep 96
14845.4549831
[5] Timestep 97
14895.1705406
[5] Timestep 98
14941.7735916
[5] Timestep 99
14860.9895858
[5] Timestep 100
14932.7559355
[5] Timestep 101
14932.4992008
[5] Timestep 102
14908.3218369
[5] Timestep 103
14927.8185206
[5] Timestep 104
14931.1152006
[5] Timestep 105
14878.2014157
[5] Timestep 106
14828.4329641
[5] Timestep 107
14929.3329639
[5] Timestep 108
14888.4459323
[5] Timestep 109
14912.7630138
[5] Timestep 110
14898.9670864
[5] Timestep 111
14901.5902757
[5] Timestep 112
14882.6519395
[5] Timestep 113
14931.2390397
[5] Timestep 114
14905.0389094
[5] Timestep 115
14899.1826011
[5] Timestep 116
14887.9629636
[5] Timestep 117
14884.5311246
[5] Timestep 118
14907.7593097
[5] Timestep 119
14876.1376122
[5] Timestep 120
14865.4585733
